land_corporate_share: 0.32746084864285385
land_property_share: 0.618302877537483
